01 01 2023 419.85 Food
01 01 2023 30.00 Food
01 01 2023 239.80 Food
01 01 2023 530.00 Car
02 01 2023 30.00 Food
02 01 2023 10.00 Transport
02 01 2023 10.00 Transport
02 01 2023 474.80 Food
03 01 2023 57.50 Food
03 01 2023 10.00 Transport
03 01 2023 10.00 Transport
03 01 2023 101.40 Food
03 01 2023 29.99 Food
04 01 2023 145.00 Things
04 01 2023 140.00 Food
04 01 2023 83.60 Things
04 01 2023 10.00 Transport
04 01 2023 51.28 Medicine
04 01 2023 70.00 Mail
05 01 2023 105.65 Food
05 01 2023 108.00 Rest
05 01 2023 10.00 Transport
05 01 2023 10.00 Transport
05 01 2023 100.00 Medicine
06 01 2023 186.00 Food
06 01 2023 84.00 Food
06 01 2023 10.00 Transport
06 01 2023 10.00 Transport
07 01 2023 100.00 Phone
07 01 2023 129.05 Food
08 01 2023 67.50 Food
09 01 2023 10.00 Transport
09 01 2023 10.00 Transport
09 01 2023 385.00 Cosmetics
09 01 2023 216.25 Food
09 01 2023 76.60 Food
10 01 2023 206.00 Things
10 01 2023 193.60 Clothes
10 01 2023 74.28 Cosmetics
10 01 2023 10.00 Transport
10 01 2023 58.00 Mail
11 01 2023 10.00 Transport
11 01 2023 10.00 Transport
11 01 2023 120.92 Food
11 01 2023 83.02 Food
12 01 2023 45.00 Food
12 01 2023 680.00 Health
12 01 2023 10.00 Transport
12 01 2023 152.90 Medicine
12 01 2023 396.20 Medicine
12 01 2023 7800.00 Credit
12 01 2023 101.46 Food
13 01 2023 178.14 Food
13 01 2023 10.00 Transport
13 01 2023 10.00 Transport
13 01 2023 1040.00 Car
13 01 2023 157.78 Medicine
14 01 2023 120.00 Phone
14 01 2023 90.00 Food
14 01 2023 45.00 Food
14 01 2023 188.87 Food
14 01 2023 36.86 Mail
15 01 2023 8.00 Things
15 01 2023 89.01 Food
15 01 2023 210.00 Mail
16 01 2023 85.00 Things
16 01 2023 10.00 Transport
16 01 2023 10.00 Transport
16 01 2023 187.00 Medicine
17 01 2023 109.00 Food
17 01 2023 10.00 Transport
17 01 2023 10.00 Transport
17 01 2023 266.20 Food
17 01 2023 18.19 Food
18 01 2023 6534.00 Education
18 01 2023 520.00 Child
18 01 2023 2413.32 Education
19 01 2023 10.00 Transport
19 01 2023 10.00 Transport
20 01 2023 45.00 Food
20 01 2023 60.00 Food
20 01 2023 113.00 Food
20 01 2023 10.00 Transport
20 01 2023 10.00 Transport
21 01 2023 87.70 Medicine
22 01 2023 60.00 Phone
23 01 2023 2080.00 Credit
23 01 2023 13.20 Utility_costs 
23 01 2023 36.88 Utility_costs 
23 01 2023 55.70 Utility_costs 
23 01 2023 5.24 Utility_costs 
23 01 2023 200.00 Utility_costs 
23 01 2023 40.32 Utility_costs 
23 01 2023 624.00 Child
23 01 2023 306.48 Utility_costs 
23 01 2023 2080.00 Credit
23 01 2023 792.61 Utility_costs 
23 01 2023 60.18 Utility_costs 
23 01 2023 76.10 Utility_costs 
24 01 2023 2240.00 Clothes
24 01 2023 109.00 TV
24 01 2023 135.00 Phone
25 01 2023 32.50 Food
25 01 2023 115.00 Food
25 01 2023 135.00 Food
25 01 2023 10.00 Transport
25 01 2023 298.86 Food
26 01 2023 10.00 Transport
26 01 2023 10.00 Transport
26 01 2023 70.00 Medicine
26 01 2023 15.00 Food
26 01 2023 99.70 Food
27 01 2023 83.47 Cosmetics
27 01 2023 82.00 Food
27 01 2023 26.50 Things
27 01 2023 10.00 Transport
27 01 2023 10.00 Transport
28 01 2023 52.00 Credit
28 01 2023 132.73 Medicine
28 01 2023 71.59 Food
28 01 2023 139.87 Food
29 01 2023 14.40 Things
29 01 2023 148.47 Food
29 01 2023 169.70 Medicine
30 01 2023 1872.00 Credit
30 01 2023 166.00 Food
30 01 2023 25.16 Food
30 01 2023 40.74 Food
30 01 2023 520.00 Child
30 01 2023 151.68 Food
31 01 2023 1350.00 Health
31 01 2023 30.40 Food
31 01 2023 16.00 Things
31 01 2023 58.90 Rest
31 01 2023 10.00 Transport
31 01 2023 10.00 Transport
31 01 2023 286.50 Medicine
