01 01 2023 177.00 Food
02 01 2023 156.98 Cosmetics
02 01 2023 75.00 Food
02 01 2023 69.93 Food
02 01 2023 55.46 Food
02 01 2023 152.00 Food
02 01 2023 10.00 Transport
02 01 2023 10.00 Transport
02 01 2023 139.62 Food
03 01 2023 164.34 Food
03 01 2023 68.00 Food
03 01 2023 10.00 Transport
03 01 2023 10.00 Transport
03 01 2023 185.59 Food
03 01 2023 71.58 Food
04 01 2023 45.00 Food
04 01 2023 141.98 Food
04 01 2023 70.97 Food
04 01 2023 10.00 Transport
04 01 2023 10.00 Transport
04 01 2023 53.27 Food
05 01 2023 112.00 Food
05 01 2023 120.13 Food
05 01 2023 10.00 Transport
05 01 2023 10.00 Transport
05 01 2023 66.00 Mail
05 01 2023 1250.08 Mail
06 01 2023 237.00 Food
06 01 2023 88.50 Food
06 01 2023 55.92 Food
07 01 2023 370.23 Food
07 01 2023 300.00 Food
07 01 2023 268.90 Food
08 01 2023 175.50 Child
08 01 2023 5.40 Medicine
08 01 2023 72.00 Food
08 01 2023 50.00 Phone
08 01 2023 10.00 Transport
08 01 2023 10.00 Transport
08 01 2023 123.00 Food
08 01 2023 49.14 Food
09 01 2023 210.00 Clothes
09 01 2023 169.50 Food
09 01 2023 98.92 Food
09 01 2023 95.09 Food
09 01 2023 10.00 Transport
09 01 2023 10.00 Transport
10 01 2023 1050.00 Education
10 01 2023 49.77 Food
10 01 2023 36.50 Food
10 01 2023 71.07 Food
10 01 2023 96.00 Food
10 01 2023 10.00 Transport
10 01 2023 10.00 Transport
10 01 2023 187.20 Food
11 01 2023 153.59 Food
11 01 2023 135.00 Food
11 01 2023 10.00 Transport
11 01 2023 10.00 Transport
11 01 2023 145.00 Phone
12 01 2023 30.00 Food
12 01 2023 41.00 Food
13 01 2023 213.70 Clothes
13 01 2023 42.50 Rest
13 01 2023 37.50 Food
13 01 2023 312.40 Medicine
13 01 2023 48.00 Food
14 01 2023 83.00 Child
14 01 2023 37.00 Child
14 01 2023 86.00 Food
14 01 2023 40.00 Clothes
14 01 2023 36.00 Food
14 01 2023 235.62 Food
14 01 2023 8.90 Food
15 01 2023 70.00 Food
15 01 2023 31.00 Food
15 01 2023 53.00 Food
15 01 2023 10.00 Transport
15 01 2023 10.00 Transport
16 01 2023 245.00 Food
16 01 2023 110.40 Cosmetics
16 01 2023 141.86 Food
16 01 2023 68.20 Food
16 01 2023 10.00 Transport
16 01 2023 10.00 Transport
16 01 2023 100.16 Food
17 01 2023 119.81 Food
17 01 2023 10.00 Transport
17 01 2023 10.00 Transport
17 01 2023 117.77 Food
18 01 2023 41.98 Food
18 01 2023 80.50 Cosmetics
18 01 2023 10.00 Transport
18 01 2023 10.00 Transport
18 01 2023 200.00 Phone
18 01 2023 249.32 Food
19 01 2023 47.00 Child
19 01 2023 24.90 Food
19 01 2023 34.00 Clothes
19 01 2023 26.99 Food
19 01 2023 16.10 Food
19 01 2023 10.00 Transport
19 01 2023 10.00 Transport
20 01 2023 48.00 Food
20 01 2023 82.00 Food
20 01 2023 12.50 Rest
21 01 2023 65.00 Medicine
21 01 2023 23.00 Things
21 01 2023 27.50 Rest
21 01 2023 91.32 Food
21 01 2023 13.20 Utility_costs
21 01 2023 30.65 Utility_costs
21 01 2023 9.92 Utility_costs
21 01 2023 9.08 Utility_costs
21 01 2023 179.00 Utility_costs
21 01 2023 96.48 Utility_costs
21 01 2023 306.48 Utility_costs
21 01 2023 14.07 Utility_costs
21 01 2023 249.75 Things
21 01 2023 11.24 Utility_costs
21 01 2023 11.24 Utility_costs
22 01 2023 299.86 Car
22 01 2023 70.00 Food
22 01 2023 37.00 Food
22 01 2023 37.00 Food
22 01 2023 34.80 Food
22 01 2023 31.55 Food
22 01 2023 71.57 Food
22 01 2023 109.00 TV
23 01 2023 84.14 Food
23 01 2023 43.00 Food
23 01 2023 44.01 Food
23 01 2023 10.00 Transport
23 01 2023 62.90 Medicine
23 01 2023 115.60 Food
24 01 2023 134.10 Food
25 01 2023 106.46 Food
25 01 2023 10.00 Transport
25 01 2023 337.50 Food
26 01 2023 70.00 Food
26 01 2023 56.05 Clothes
26 01 2023 280.25 Car
26 01 2023 84.00 Food
26 01 2023 26.99 Food
26 01 2023 111.95 Food
26 01 2023 10.00 Transport
26 01 2023 10.00 Transport
26 01 2023 115.48 Food
26 01 2023 293.76 Utility_costs
26 01 2023 145.57 Utility_costs
26 01 2023 227.18 Utility_costs
26 01 2023 1366.54 Utility_costs
26 01 2023 729.57 Utility_costs
26 01 2023 37.32 Utility_costs
26 01 2023 36.32 Utility_costs
27 01 2023 459.99 Car
27 01 2023 51.40 Medicine
27 01 2023 387.83 Medicine
27 01 2023 13.80 Food
28 01 2023 98.94 Food
29 01 2023 29.00 Food
29 01 2023 36.00 Food
29 01 2023 10.00 Transport
29 01 2023 10.00 Transport
29 01 2023 56.00 Food
30 01 2023 231.26 Food
30 01 2023 57.30 Food
30 01 2023 10.00 Transport
30 01 2023 10.00 Transport
30 01 2023 43.60 Food
31 01 2023 14.00 Child
31 01 2023 41.98 Food
31 01 2023 218.30 Food
31 01 2023 70.97 Food
31 01 2023 10.00 Transport
31 01 2023 10.00 Transport
